403
3
936
687
868
70
679
879
129
908
602
71
384
73
955
388
264
172
853
277
884
308
62
698
218
499
96
797
75
166
362
237
401
893
478
934
294
397
837
856
227
53
486
111
437
861
780
29
128
40
671
721
528
451
77
779
179
306
88
472
946
825
346
65
930
473
146
210
935
724
76
244
560
32
213
937
178
857
334
68
452
318
470
575
609
272
634
383
102
212
688
684
627
283
148
515
769
713
482
744
598
678
419
614
64
27
379
117
522
273
803
933
593
639
186
523
17
650
52
551
360
712
20
420
980
133
120
778
475
876
927
765
276
235
310
624
555
745
296
339
107
513
134
99
80
987
8
480
121
569
556
387
674
349
695
151
578
990
370
119
488
959
262
453
663
26
13
538
232
702
493
137
906
607
541
484
615
391
393
633
572
567
743
526
299
711
972
140
7
799
236
196
891
589
385
407
696
189
459
737
909
812
490
951
1
257
759
520
135
787
445
758
390
180
39
421
83
350
623
851
576
469
41
842
59
727
301
74
701
448
25
651
714
125
60
789
596
14
533
489
970
404
949
491
293
224
897
700
305
940
22
230
827
312
843
835
251
991
983
340
645
369
735
905
381
337
558
617
544
98
21
380
811
220
324
830
866
922
501
518
911
924
241
666
626
719
741
581
542
590
667
539
763
49
858
498
338
335
256
754
845
928
124
113
703
285
281
565
424
932
717
804
23
986
165
637
872
292
288
247
672
464
521
957
809
878
4
458
231
6
348
367
540
913
838
823
242
150
943
313
193
471
233
643
826
999
114
562
509
912
414
795
245
185
246
976
510
386
559
72
389
358
642
325
677
831
44
829
621
979
345
772
534
961
188
791
50
629
429
660
239
982
504
307
566
168
978
198
290
882
267
287
201
794
904
995
654
417
750
816
738
347
956
514
885
43
12
145
782
947
901
143
163
61
254
984
30
266
0
495
204
817
591
592
398
95
91
580
93
280
84
415
818
436
89
228
378
476
577
938
620
535
874
343
462
86
568
353
275
402
707
867
238
15
603
149
824
511
79
573
529
500
525
33
808
170
505
16
683
694
243
668
422
749
587
19
430
725
202
399
221
442
164
844
655
914
37
771
833
985
862
477
786
870
123
211
952
585
601
175
919
450
354
97
880
801
56
902
665
708
900
130
661
619
802
432
200
268
846
503
115
291
662
770
303
333
382
138
664
692
628
396
298
547
314
467
690
536
775
304
316
537
706
182
773
859
485
320
557
365
187
926
394
898
962
921
953
709
431
28
496
675
864
278
657
144
466
530
483
618
36
38
392
351
497
549
561
116
234
147
359
159
31
154
195
446
55
263
899
942
673
512
553
461
798
317
640
34
944
793
916
625
81
630
563
704
209
612
748
646
929
762
100
126
105
155
739
716
631
108
289
907
132
215
635
836
90
156
426
653
492
869
863
820
206
373
331
457
964
265
57
883
722
447
261
656
282
428
815
413
295
103
813
888
468
582
574
689
321
58
297
728
506
755
274
676
595
994
87
756
552
412
255
208
753
752
141
327
106
966
992
855
118
502
850
357
693
418
586
977
35
969
800
605
920
507
974
785
597
92
726
887
939
300
736
250
718
332
177
454
474
871
747
948
508
302
374
205
433
423
705
730
892
217
355
644
814
652
18
810
352
583
760
173
941
918
915
248
931
439
550
848
371
731
954
852
989
579
600
194
981
849
409
223
82
191
160
5
732
260
764
604
638
822
323
847
449
761
925
253
531
608
10
400
546
588
923
329
181
395
669
494
66
917
545
171
715
142
729
162
284
958
517
376
616
860
341
139
161
372
435
807
361
375
890
465
997
9
410
309
524
733
322
968
910
632
174
271
183
463
315
622
606
319
167
894
796
781
366
24
152
806
252
832
658
440
988
564
519
131
767
543
47
456
69
584
63
993
444
104
270
610
216
685
2
834
841
516
222
776
821
965
611
734
945
681
157
570
819
377
136
757
344
998
85
670
697
42
648
441
895
368
240
190
788
203
774
479
783
594
112
226
328
406
455
777
571
364
311
460
691
746
434
207
896
11
766
110
46
438
805
330
740
48
720
903
94
45
269
408
971
784
101
854
481
686
219
548
153
286
51
768
197
443
950
875
742
169
225
865
184
427
54
680
258
363
751
199
881
960
158
682
532
411
127
649
554
109
599
886
839
259
425
828
336
122
416
613
405
647
996
487
889
527
214
792
326
176
963
840
659
229
641
279
699
975
78
790
342
710
873
192
967
877
723
249
356
636
67
973
